100
0 21 16 89 85 44 26 9 43 29 72 41 45 9 29 43 4 40 97 41 1 12 87 39 21 10 20 71 26 94 25 72 86 29 99 27 17 51 80 71 99 76 19 36 66 75 99 67 70 5 80 63 60 51 22 59 45 53 91 8 96 27 81 100 29 19 84 22 93 69 64 57 14 27 45 1 20 92 23 6 49 81 26 30 98 26 23 53 11 83 62 86 30 46 61 4 47 49 29 31 
21 0 85 20 25 32 29 28 17 74 19 70 50 32 69 20 96 84 85 12 61 50 25 58 37 82 47 61 68 90 3 24 41 70 74 67 36 64 51 19 30 90 72 21 72 31 49 29 23 25 10 24 10 35 76 61 16 98 60 71 38 44 99 39 98 88 30 19 36 29 57 25 2 7 55 48 4 32 46 97 78 9 75 38 18 15 22 16 30 32 22 14 39 94 60 42 66 76 81 32 
16 85 0 75 48 88 33 69 45 71 24 10 13 47 94 21 15 11 81 2 71 63 34 31 84 50 12 84 31 2 16 45 14 10 87 51 62 48 99 96 42 6 45 94 38 8 4 2 52 10 24 87 65 43 83 76 83 7 22 83 95 85 56 18 79 15 42 35 34 62 72 15 94 91 19 55 95 59 95 72 21 76 24 58 34 51 35 39 99 30 80 72 91 16 67 27 26 57 53 9 
89 20 75 0 19 23 30 27 64 21 37 38 9 65 29 21 79 37 34 43 2 50 54 52 87 32 17 68 29 80 35 28 19 98 20 34 84 78 35 70 10 37 89 52 89 10 89 22 94 33 47 81 58 97 92 62 33 75 53 21 98 24 37 69 7 54 43 22 56 27 63 80 18 17 41 37 90 99 72 51 72 46 4 57 42 54 98 86 48 90 7 5 32 37 67 16 67 85 98 80 
85 25 48 19 0 27 49 45 56 42 80 76 12 8 60 92 55 34 91 7 15 43 20 83 11 16 61 33 93 81 6 4 88 11 92 29 82 95 44 9 34 91 58 66 54 96 17 70 74 42 1 66 25 38 99 93 18 16 39 26 25 43 77 71 9 9 58 87 82 43 63 40 54 77 92 34 65 17 97 48 5 86 6 41 80 59 78 75 91 29 52 17 15 17 8 30 16 82 57 1 
44 32 88 23 27 0 64 15 91 15 55 56 30 78 75 26 82 25 64 37 71 55 17 85 50 29 16 8 34 15 50 64 88 43 9 30 34 94 98 48 78 21 58 20 6 52 63 46 75 30 37 28 71 89 7 37 1 25 40 47 81 41 68 47 45 83 69 64 56 33 51 76 80 91 71 85 21 62 2 48 53 73 74 16 26 62 38 35 89 7 84 67 3 63 24 78 36 82 56 11 
26 29 33 30 49 64 0 11 78 79 9 56 86 47 94 55 58 25 83 36 35 25 41 21 25 66 2 95 9 59 89 71 67 59 78 30 86 2 99 49 84 56 48 77 3 39 23 38 68 9 11 22 13 60 10 77 75 36 15 90 32 25 46 39 25 75 87 62 56 70 51 38 91 78 22 49 97 8 48 14 70 18 76 49 65 25 77 14 48 31 43 61 2 87 23 87 98 97 92 13 
9 28 69 27 45 15 11 0 62 78 58 67 100 26 80 6 90 26 79 77 26 22 8 59 11 22 79 88 24 34 31 16 41 99 26 36 85 36 21 83 62 38 49 14 88 46 70 7 98 19 26 49 98 66 31 14 30 72 77 29 10 65 62 7 12 9 36 13 6 87 66 70 65 40 80 66 19 100 20 36 70 87 48 16 36 20 37 37 89 63 82 40 78 87 6 23 78 84 52 96 
43 17 45 64 56 91 78 62 0 60 66 83 86 15 12 52 28 46 8 81 96 97 19 82 58 45 73 29 27 79 3 26 88 68 95 11 10 47 15 47 38 26 95 37 58 48 55 87 58 85 34 19 49 9 59 75 46 68 26 11 2 56 28 74 82 76 52 13 35 58 4 80 96 76 88 78 75 12 49 17 37 85 35 64 61 47 9 95 13 39 15 16 75 28 63 23 32 27 69 93 
29 74 71 21 42 15 79 78 60 0 64 78 19 40 44 83 58 84 71 85 39 65 47 13 84 96 33 5 57 4 93 92 95 31 16 99 13 77 3 26 47 18 45 19 50 38 26 94 10 45 25 20 49 95 8 85 28 66 2 64 86 43 27 16 38 60 2 87 59 18 68 82 19 84 93 83 47 96 83 35 41 42 76 26 2 7 57 95 15 54 6 43 70 33 91 51 88 19 74 91 
72 19 24 37 80 55 9 58 66 64 0 65 42 76 30 26 48 31 13 7 98 55 58 49 2 71 36 91 75 100 50 3 24 7 56 73 68 9 8 33 45 11 30 5 42 25 90 52 22 4 9 5 95 60 2 93 49 89 36 81 22 9 61 17 52 88 93 72 33 30 92 67 54 78 57 12 71 16 5 68 44 44 32 32 49 62 72 21 98 85 90 55 72 7 4 38 31 47 30 51 
41 70 10 38 76 56 56 67 83 78 65 0 18 42 70 17 12 91 86 67 84 40 5 56 11 72 37 58 54 48 25 92 71 1 9 27 82 48 3 32 63 71 17 89 80 51 17 66 68 41 1 89 50 63 43 37 73 80 24 79 65 72 15 5 3 59 20 100 38 92 72 2 25 99 30 34 90 98 37 77 56 69 62 70 96 42 85 62 58 98 69 19 81 47 5 25 19 27 43 41 
45 50 13 9 12 30 86 100 86 19 42 18 0 3 43 7 41 19 53 17 88 69 48 23 72 37 1 80 63 41 14 100 14 70 28 73 34 13 93 94 13 93 33 79 68 68 81 23 82 96 55 58 68 59 43 72 42 82 59 66 12 83 67 57 39 97 65 71 81 79 93 95 71 52 5 47 11 42 14 54 50 17 99 14 22 36 67 100 93 14 83 60 9 35 38 52 15 20 44 84 
9 32 47 65 8 78 47 26 15 40 76 42 3 0 79 99 54 87 12 88 19 90 23 2 6 31 81 70 12 52 68 24 4 56 97 44 89 23 93 2 42 77 69 9 32 75 89 46 92 53 4 34 7 86 19 35 38 71 87 7 17 7 94 83 57 55 73 93 5 48 46 84 25 50 17 37 14 100 9 42 72 65 48 25 53 52 51 62 27 73 41 87 89 41 12 54 19 20 63 11 
29 69 94 29 60 75 94 80 12 44 30 70 43 79 0 71 72 1 15 62 12 61 22 12 53 37 91 45 6 80 2 29 5 71 6 15 54 68 68 21 64 39 62 39 68 33 1 27 3 45 16 82 21 6 16 82 32 2 90 40 18 81 72 39 84 87 86 87 18 83 42 44 6 71 1 5 46 94 38 42 37 60 76 32 82 7 33 75 57 35 13 27 18 97 44 64 13 88 24 57 
43 20 21 21 92 26 55 6 52 83 26 17 7 99 71 0 42 27 62 68 94 25 74 31 35 51 59 65 52 79 4 60 94 25 97 29 81 71 94 92 93 15 47 81 12 95 62 85 79 47 27 2 88 14 9 1 87 83 55 93 28 61 89 99 24 39 29 9 39 71 70 53 14 28 3 75 36 25 60 33 73 12 69 47 77 29 6 29 38 8 35 17 36 52 94 97 64 88 57 44 
4 96 15 79 55 82 58 90 28 58 48 12 41 54 72 42 0 39 29 43 8 25 40 9 39 12 73 75 9 67 92 92 26 61 81 26 92 99 25 17 24 6 59 54 46 17 21 29 51 89 18 56 59 58 24 41 26 58 36 26 80 9 8 20 52 91 75 40 43 70 3 29 55 59 85 95 31 89 21 62 37 40 10 15 58 95 25 93 79 39 82 88 13 2 13 13 2 90 82 5 
40 84 11 37 34 25 25 26 46 84 31 91 19 87 1 27 39 0 60 74 11 34 27 1 66 44 33 82 3 22 43 56 83 92 94 97 12 60 49 24 90 86 8 94 10 66 7 38 8 9 88 100 55 77 42 91 67 67 32 80 87 19 4 26 49 69 37 50 77 9 100 96 81 22 39 90 72 85 61 41 20 83 47 19 99 6 5 90 28 89 37 39 25 64 100 84 17 55 36 76 
97 85 81 34 91 64 83 79 8 71 13 86 53 12 15 62 29 60 0 95 12 36 7 2 30 84 85 3 13 69 6 74 23 76 71 23 18 67 57 82 20 92 82 99 57 36 65 24 50 86 98 13 87 22 15 73 6 39 68 22 68 57 58 97 80 70 40 33 7 82 41 94 96 80 76 8 67 10 25 18 73 26 64 94 56 58 56 2 16 29 49 80 17 51 91 33 6 68 63 65 
41 12 2 43 7 37 36 77 81 85 7 67 17 88 62 68 43 74 95 0 6 41 40 67 18 17 21 28 35 94 90 45 18 26 43 60 12 7 90 84 40 65 24 1 1 92 1 91 92 66 50 13 19 11 52 99 1 22 91 78 42 49 1 51 26 88 45 67 33 60 86 3 25 95 14 75 89 97 2 23 75 33 25 87 58 74 22 96 11 49 79 28 67 58 49 71 53 66 71 20 
1 61 71 2 15 71 35 26 96 39 98 84 88 19 12 94 8 11 12 6 0 58 95 77 53 5 4 86 19 37 92 18 39 86 75 7 20 22 78 99 41 57 94 72 15 88 22 12 33 52 26 10 29 37 86 6 8 67 52 81 70 65 55 88 39 12 99 81 78 19 69 44 74 40 69 71 77 97 31 44 1 20 23 2 69 41 68 12 24 46 27 28 5 54 76 54 23 73 96 16 
12 50 63 50 43 55 25 22 97 65 55 40 69 90 61 25 25 34 36 41 58 0 96 57 91 79 93 15 80 17 6 5 63 62 42 5 48 20 92 99 59 88 21 28 35 88 3 98 39 20 83 12 17 20 97 5 64 32 27 23 27 74 68 24 17 93 20 46 2 26 37 22 75 67 51 77 63 40 90 99 45 18 18 35 38 15 85 95 75 71 51 28 42 2 49 91 79 68 55 48 
87 25 34 54 20 17 41 8 19 47 58 5 48 23 22 74 40 27 7 40 95 96 0 78 7 41 48 86 30 3 11 2 83 47 14 66 21 29 97 99 40 63 54 26 75 60 5 85 5 1 98 28 80 73 64 100 44 1 50 41 86 84 35 96 48 98 25 91 69 87 7 57 91 4 56 5 90 33 52 11 96 23 78 65 80 98 56 52 62 67 95 40 43 5 64 55 62 33 87 92 
39 58 31 52 83 85 21 59 82 13 49 56 23 2 12 31 9 1 2 67 77 57 78 0 73 86 66 54 26 75 12 63 87 14 92 36 100 9 1 65 49 52 56 67 33 99 7 77 64 70 72 55 35 25 34 67 36 38 91 49 72 18 86 36 18 88 29 60 13 93 95 33 100 79 53 56 24 97 8 59 96 5 94 61 75 64 25 1 22 69 82 14 60 83 82 69 69 35 9 81 
21 37 84 87 11 50 25 11 58 84 2 11 72 6 53 35 39 66 30 18 53 91 7 73 0 49 83 64 31 50 3 91 59 29 83 95 91 91 38 7 51 25 20 31 9 52 88 61 42 60 47 20 98 62 83 39 95 82 19 95 68 64 47 67 12 5 32 24 40 35 1 96 56 72 18 66 82 11 70 65 49 69 95 56 49 30 20 81 99 94 29 34 11 38 83 45 88 23 64 82 
10 82 50 32 16 29 66 22 45 96 71 72 37 31 37 51 12 44 84 17 5 79 41 86 49 0 10 25 76 7 64 78 90 68 59 57 67 33 59 36 37 56 79 27 73 18 12 16 42 80 6 32 92 61 45 35 13 14 87 19 43 46 49 19 71 99 33 5 45 42 62 22 100 47 12 71 76 32 11 90 34 53 17 90 59 98 97 43 96 6 76 62 26 74 72 58 19 56 77 47 
20 47 12 17 61 16 2 79 73 33 36 37 1 81 91 59 73 33 85 21 4 93 48 66 83 10 0 99 44 64 23 62 2 75 64 14 46 31 81 64 41 7 53 64 30 60 23 35 63 16 1 56 84 71 59 8 10 8 6 25 71 97 93 48 59 34 72 38 69 83 72 63 22 1 63 62 87 25 48 80 9 47 29 39 16 44 89 58 43 57 71 95 63 90 12 67 47 60 14 88 
71 61 84 68 33 8 95 88 29 5 91 58 80 70 45 65 75 82 3 28 86 15 86 54 64 25 99 0 13 12 15 74 95 72 28 95 62 21 39 86 30 30 12 31 41 88 31 34 34 38 99 73 71 26 53 2 17 29 9 67 34 51 5 36 43 73 76 51 83 45 75 12 88 88 58 79 26 14 10 43 43 58 51 76 82 81 26 93 90 5 36 91 53 47 6 13 78 72 8 96 
26 68 31 29 93 34 9 24 27 57 75 54 63 12 6 52 9 3 13 35 19 80 30 26 31 76 44 13 0 46 42 50 67 71 75 75 24 6 81 26 56 64 52 89 20 54 8 88 46 73 21 56 17 77 98 15 94 2 57 4 45 18 68 87 30 74 45 42 45 56 62 88 97 47 40 72 97 70 46 5 94 71 48 47 63 42 52 91 55 30 14 57 86 71 77 66 1 69 8 23 
94 90 2 80 81 15 59 34 79 4 100 48 41 52 80 79 67 22 69 94 37 17 3 75 50 7 64 12 46 0 2 32 49 60 67 94 45 40 58 17 87 78 64 51 63 30 53 30 94 83 70 11 47 93 81 93 86 74 59 27 48 18 23 96 83 40 79 35 69 80 52 72 13 87 48 43 32 82 60 20 10 19 81 13 57 52 87 81 95 15 42 61 50 3 56 87 56 97 61 93 
25 3 16 35 6 50 89 31 3 93 50 25 14 68 2 4 92 43 6 90 92 6 11 12 3 64 23 15 42 2 0 15 81 90 8 96 18 68 36 70 100 35 86 61 65 81 66 67 26 20 43 17 74 25 84 82 58 11 76 31 90 45 89 65 30 55 72 43 50 2 6 49 52 2 40 72 16 14 18 23 20 18 94 49 33 78 87 70 10 18 60 30 59 98 59 36 35 62 35 33 
72 24 45 28 4 64 71 16 26 92 3 92 100 24 29 60 92 56 74 45 18 5 2 63 91 78 62 74 50 32 15 0 6 87 74 21 26 26 29 71 32 22 40 68 3 12 35 22 78 29 55 86 71 51 10 82 64 29 27 96 81 52 7 27 66 22 16 53 22 43 79 83 23 26 55 82 74 6 82 34 42 39 62 15 100 7 13 80 51 92 4 36 63 27 72 93 95 6 10 9 
86 41 14 19 88 88 67 41 88 95 24 71 14 4 5 94 26 83 23 18 39 63 83 87 59 90 2 95 67 49 81 6 0 72 73 61 92 40 38 19 21 5 70 72 52 50 59 70 30 14 64 38 31 40 66 71 49 62 40 64 94 48 76 63 15 54 83 43 12 22 71 16 25 40 72 5 90 60 4 23 79 53 1 76 86 24 51 8 4 84 70 16 2 15 37 68 19 21 55 100 
29 70 10 98 11 43 59 99 68 31 7 1 70 56 71 25 61 92 76 26 86 62 47 14 29 68 75 72 71 60 90 87 72 0 19 96 97 59 68 1 12 47 45 47 74 38 49 71 15 31 89 27 75 32 5 12 7 75 17 12 98 100 27 35 95 5 51 82 80 70 83 6 43 39 68 42 75 24 20 54 53 11 85 71 45 35 47 8 53 47 72 30 97 65 48 56 22 19 62 21 
99 74 87 20 92 9 78 26 95 16 56 9 28 97 6 97 81 94 71 43 75 42 14 92 83 59 64 28 75 67 8 74 73 19 0 17 26 82 90 48 30 63 7 73 7 74 18 53 57 38 19 35 88 35 34 59 23 16 82 64 27 28 98 46 3 57 49 4 6 10 84 60 12 54 20 83 22 96 76 31 59 63 77 72 22 52 20 7 94 19 1 66 90 78 3 85 46 27 51 84 
27 67 51 34 29 30 30 36 11 99 73 27 73 44 15 29 26 97 23 60 7 5 66 36 95 57 14 95 75 94 96 21 61 96 17 0 78 8 54 46 96 80 73 78 3 86 81 39 39 72 15 72 53 96 53 96 10 3 16 10 4 42 3 33 50 10 65 55 42 47 7 80 43 35 92 28 6 73 47 6 37 21 62 72 37 60 12 93 10 3 49 79 64 53 71 36 2 34 13 15 
17 36 62 84 82 34 86 85 10 13 68 82 34 89 54 81 92 12 18 12 20 48 21 100 91 67 46 62 24 45 18 26 92 97 26 78 0 26 44 11 56 8 99 12 34 93 8 87 58 13 62 18 96 75 93 59 35 93 27 58 43 87 33 48 3 34 90 16 84 59 62 85 23 34 4 32 74 35 37 34 88 1 31 43 83 69 52 86 90 47 51 83 7 52 94 6 75 26 16 50 
51 64 48 78 95 94 2 36 47 77 9 48 13 23 68 71 99 60 67 7 22 20 29 9 91 33 31 21 6 40 68 26 40 59 82 8 26 0 74 64 42 21 34 66 38 98 94 47 58 54 34 74 92 80 53 51 54 36 56 85 19 11 2 1 37 52 15 79 66 90 52 84 8 71 39 73 87 47 85 7 77 2 53 74 38 12 32 59 3 8 100 34 75 37 7 51 35 37 90 94 
80 51 99 35 44 98 99 21 15 3 8 3 93 93 68 94 25 49 57 90 78 92 97 1 38 59 81 39 81 58 36 29 38 68 90 54 44 74 0 61 3 63 93 56 5 20 67 79 17 31 60 89 97 47 74 33 84 98 8 49 6 49 79 78 89 39 23 100 61 19 79 59 64 77 23 31 70 24 99 88 69 88 62 34 88 76 38 62 1 66 41 57 47 98 15 62 2 82 18 86 
71 19 96 70 9 48 49 83 47 26 33 32 94 2 21 92 17 24 82 84 99 99 99 65 7 36 64 86 26 17 70 71 19 1 48 46 11 64 61 0 13 33 55 3 45 26 33 52 9 92 87 7 50 28 3 71 50 2 21 6 11 48 98 62 61 44 22 90 93 53 3 46 30 37 70 4 51 8 13 26 4 15 94 72 4 76 30 54 22 57 30 41 47 3 66 15 54 56 55 41 
99 30 42 10 34 78 84 62 38 47 45 63 13 42 64 93 24 90 20 40 41 59 40 49 51 37 41 30 56 87 100 32 21 12 30 96 56 42 3 13 0 67 27 69 79 63 23 30 35 44 59 12 64 91 31 59 7 57 9 74 75 60 5 63 15 83 83 37 22 46 11 14 65 97 20 42 58 72 7 41 69 54 93 76 100 1 35 48 70 13 45 31 95 42 75 87 54 3 73 35 
76 90 6 37 91 21 56 38 26 18 11 71 93 77 39 15 6 86 92 65 57 88 63 52 25 56 7 30 64 78 35 22 5 47 63 80 8 21 63 33 67 0 72 12 44 36 47 45 25 16 56 9 90 1 3 71 25 61 66 76 57 91 56 65 1 85 29 70 8 10 66 2 68 32 93 84 61 49 3 77 13 88 82 46 100 29 91 59 16 84 90 83 3 12 47 90 62 16 71 82 
19 72 45 89 58 58 48 49 95 45 30 17 33 69 62 47 59 8 82 24 94 21 54 56 20 79 53 12 52 64 86 40 70 45 7 73 99 34 93 55 27 72 0 26 71 89 70 76 36 84 30 89 9 94 9 53 81 22 85 91 71 2 32 13 97 57 24 57 72 65 26 25 6 44 45 44 42 49 61 55 42 50 60 51 20 79 80 14 28 24 73 96 99 92 27 76 76 72 68 13 
36 21 94 52 66 20 77 14 37 19 5 89 79 9 39 81 54 94 99 1 72 28 26 67 31 27 64 31 89 51 61 68 72 47 73 78 12 66 56 3 69 12 26 0 18 62 28 57 28 20 44 10 21 9 72 43 46 64 95 53 7 35 53 56 8 59 82 88 56 39 2 78 85 74 68 11 85 52 66 95 57 79 12 78 25 63 91 51 20 87 53 53 68 30 82 62 23 85 70 7 
66 72 38 89 54 6 3 88 58 50 42 80 68 32 68 12 46 10 57 1 15 35 75 33 9 73 30 41 20 63 65 3 52 74 7 3 34 38 5 45 79 44 71 18 0 53 4 50 97 73 5 74 24 48 58 58 78 10 2 19 84 18 80 39 3 64 29 72 96 15 70 8 35 27 87 41 50 15 28 91 94 48 55 19 44 53 81 79 72 36 1 63 67 68 88 51 83 16 92 64 
75 31 8 10 96 52 39 46 48 38 25 51 68 75 33 95 17 66 36 92 88 88 60 99 52 18 60 88 54 30 81 12 50 38 74 86 93 98 20 26 63 36 89 62 53 0 7 22 42 33 9 71 74 78 42 29 4 99 2 79 45 58 88 78 80 79 34 32 97 31 90 39 36 37 22 54 51 97 52 21 36 69 66 79 57 55 73 2 98 48 53 54 56 91 94 80 81 46 75 20 
99 49 4 89 17 63 23 70 55 26 90 17 81 89 1 62 21 7 65 1 22 3 5 7 88 12 23 31 8 53 66 35 59 49 18 81 8 94 67 33 23 47 70 28 4 7 0 36 27 64 9 37 89 63 6 77 2 99 88 29 25 45 18 55 20 37 59 100 24 29 34 82 92 85 11 76 69 31 80 91 44 15 55 78 93 1 48 74 86 62 73 85 48 38 20 87 12 67 27 26 
67 29 2 22 70 46 38 7 87 94 52 66 23 46 27 85 29 38 24 91 12 98 85 77 61 16 35 34 88 30 67 22 70 71 53 39 87 47 79 52 30 45 76 57 50 22 36 0 56 25 96 31 90 43 55 29 7 55 6 96 44 19 39 8 20 5 92 84 63 56 13 49 15 97 53 38 18 88 3 94 68 54 33 26 17 60 89 37 6 73 98 33 9 66 11 21 95 2 54 71 
70 23 52 94 74 75 68 98 58 10 22 68 82 92 3 79 51 8 50 92 33 39 5 64 42 42 63 34 46 94 26 78 30 15 57 39 58 58 17 9 35 25 36 28 97 42 27 56 0 67 88 64 40 62 100 6 36 79 75 36 48 16 97 38 93 81 46 59 82 11 85 29 51 89 31 56 51 49 59 23 62 26 70 84 6 83 23 4 73 10 6 72 14 83 27 71 96 84 97 8 
5 25 10 33 42 30 9 19 85 45 4 41 96 53 45 47 89 9 86 66 52 20 1 70 60 80 16 38 73 83 20 29 14 31 38 72 13 54 31 92 44 16 84 20 73 33 64 25 67 0 61 98 68 5 98 100 44 65 80 30 15 44 64 35 38 70 58 75 100 23 32 4 42 15 3 19 95 76 29 78 96 41 41 19 83 4 66 45 4 32 49 55 1 43 54 96 37 58 90 72 
80 10 24 47 1 37 11 26 34 25 9 1 55 4 16 27 18 88 98 50 26 83 98 72 47 6 1 99 21 70 43 55 64 89 19 15 62 34 60 87 59 56 30 44 5 9 9 96 88 61 0 10 61 44 98 54 27 39 67 22 83 50 92 100 23 92 65 15 36 34 67 85 68 56 46 6 66 13 57 36 32 52 94 5 78 89 5 36 72 17 21 63 20 6 33 21 87 20 66 76 
63 24 87 81 66 28 22 49 19 20 5 89 58 34 82 2 56 100 13 13 10 12 28 55 20 32 56 73 56 11 17 86 38 27 35 72 18 74 89 7 12 9 89 10 74 71 37 31 64 98 10 0 20 33 78 18 12 56 12 57 12 88 71 59 26 46 51 93 35 93 13 50 36 83 29 36 81 75 23 42 4 34 68 23 94 11 96 54 78 7 80 100 14 47 28 16 85 12 75 37 
60 10 65 58 25 71 13 98 49 49 95 50 68 7 21 88 59 55 87 19 29 17 80 35 98 92 84 71 17 47 74 71 31 75 88 53 96 92 97 50 64 90 9 21 24 74 89 90 40 68 61 20 0 100 18 92 99 72 57 39 83 95 26 68 50 58 36 14 55 70 56 62 3 18 13 37 77 19 38 38 65 80 43 21 47 38 71 77 89 45 86 68 85 20 16 2 74 34 34 1 
51 35 43 97 38 89 60 66 9 95 60 63 59 86 6 14 58 77 22 11 37 20 73 25 62 61 71 26 77 93 25 51 40 32 35 96 75 80 47 28 91 1 94 9 48 78 63 43 62 5 44 33 100 0 60 55 91 30 24 85 80 31 16 36 35 15 9 10 43 23 37 99 58 96 48 99 44 13 24 86 84 68 60 37 97 53 95 80 91 76 87 47 78 20 51 65 8 19 10 10 
22 76 83 92 99 7 10 31 59 8 2 43 43 19 16 9 24 42 15 52 86 97 64 34 83 45 59 53 98 81 84 10 66 5 34 53 93 53 74 3 31 3 9 72 58 42 6 55 100 98 98 78 18 60 0 81 2 80 5 48 73 50 64 88 7 47 25 35 18 11 67 51 21 85 61 33 60 15 73 86 58 28 3 75 53 53 66 87 84 64 35 100 77 44 94 54 52 47 87 17 
59 61 76 62 93 37 77 14 75 85 93 37 72 35 82 1 41 91 73 99 6 5 100 67 39 35 8 2 15 93 82 82 71 12 59 96 59 51 33 71 59 71 53 43 58 29 77 29 6 100 54 18 92 55 81 0 94 24 65 23 85 2 33 71 87 81 41 33 83 84 9 76 65 56 24 41 35 66 63 12 38 66 26 48 31 41 89 57 74 9 41 37 56 92 42 72 10 19 73 86 
45 16 83 33 18 1 75 30 46 28 49 73 42 38 32 87 26 67 6 1 8 64 44 36 95 13 10 17 94 86 58 64 49 7 23 10 35 54 84 50 7 25 81 46 78 4 2 7 36 44 27 12 99 91 2 94 0 19 74 13 31 55 17 36 62 13 71 49 83 85 75 31 10 79 64 92 89 21 98 31 29 30 11 16 78 25 6 48 73 83 41 34 3 17 63 8 37 72 99 3 
53 98 7 75 16 25 36 72 68 66 89 80 82 71 2 83 58 67 39 22 67 32 1 38 82 14 8 29 2 74 11 29 62 75 16 3 93 36 98 2 57 61 22 64 10 99 99 55 79 65 39 56 72 30 80 24 19 0 50 46 37 44 25 16 47 68 1 58 33 12 60 63 42 57 22 50 86 29 95 19 31 23 92 23 13 47 10 34 83 4 70 24 48 47 16 41 47 45 31 4 
91 60 22 53 39 40 15 77 26 2 36 24 59 87 90 55 36 32 68 91 52 27 50 91 19 87 6 9 57 59 76 27 40 17 82 16 27 56 8 21 9 66 85 95 2 2 88 6 75 80 67 12 57 24 5 65 74 50 0 41 9 63 26 30 44 11 50 94 13 85 70 12 20 100 25 48 29 18 89 66 94 31 8 59 86 38 20 75 89 7 64 75 9 67 28 90 2 83 75 40 
8 71 83 21 26 47 90 29 11 64 81 79 66 7 40 93 26 80 22 78 81 23 41 49 95 19 25 67 4 27 31 96 64 12 64 10 58 85 49 6 74 76 91 53 19 79 29 96 36 30 22 57 39 85 48 23 13 46 41 0 48 79 100 80 50 93 28 54 39 28 39 43 23 8 49 64 100 47 18 95 82 29 49 9 96 40 95 45 11 17 65 63 79 16 76 16 79 86 87 36 
96 38 95 98 25 81 32 10 2 86 22 65 12 17 18 28 80 87 68 42 70 27 86 72 68 43 71 34 45 48 90 81 94 98 27 4 43 19 6 11 75 57 71 7 84 45 25 44 48 15 83 12 83 80 73 85 31 37 9 48 0 98 51 61 55 59 6 53 96 91 61 94 30 7 24 7 74 53 62 67 34 16 29 42 15 19 36 39 32 69 54 67 76 94 93 37 18 64 82 84 
27 44 85 24 43 41 25 65 56 43 9 72 83 7 81 61 9 19 57 49 65 74 84 18 64 46 97 51 18 18 45 52 48 100 28 42 87 11 49 48 60 91 2 35 18 58 45 19 16 44 50 88 95 31 50 2 55 44 63 79 98 0 23 67 40 13 64 77 46 11 2 32 1 63 36 87 88 16 63 85 93 70 96 98 20 64 62 65 38 59 13 81 24 75 100 1 33 19 92 57 
81 99 56 37 77 68 46 62 28 27 61 15 67 94 72 89 8 4 58 1 55 68 35 86 47 49 93 5 68 23 89 7 76 27 98 3 33 2 79 98 5 56 32 53 80 88 18 39 97 64 92 71 26 16 64 33 17 25 26 100 51 23 0 54 53 95 32 93 30 2 48 36 13 66 56 15 40 48 27 44 71 56 25 96 29 67 29 14 54 95 18 5 84 66 32 66 75 54 82 89 
100 39 18 69 71 47 39 7 74 16 17 5 57 83 39 99 20 26 97 51 88 24 96 36 67 19 48 36 87 96 65 27 63 35 46 33 48 1 78 62 63 65 13 56 39 78 55 8 38 35 100 59 68 36 88 71 36 16 30 80 61 67 54 0 11 32 11 95 61 56 9 40 28 31 27 52 62 91 38 81 50 79 22 8 56 96 60 42 78 6 13 58 76 1 97 88 2 61 61 37 
29 98 79 7 9 45 25 12 82 38 52 3 39 57 84 24 52 49 80 26 39 17 48 18 12 71 59 43 30 83 30 66 15 95 3 50 3 37 89 61 15 1 97 8 3 80 20 20 93 38 23 26 50 35 7 87 62 47 44 50 55 40 53 11 0 32 67 42 78 41 99 95 49 100 82 29 36 54 3 27 58 3 66 58 34 95 58 20 20 52 19 13 3 83 27 17 13 72 73 76 
19 88 15 54 9 83 75 9 76 60 88 59 97 55 87 39 91 69 70 88 12 93 98 88 5 99 34 73 74 40 55 22 54 5 57 10 34 52 39 44 83 85 57 59 64 79 37 5 81 70 92 46 58 15 47 81 13 68 11 93 59 13 95 32 32 0 56 98 75 60 79 78 29 28 10 65 77 60 66 5 24 13 40 78 93 42 81 73 44 16 73 94 1 58 31 54 91 79 63 39 
84 30 42 43 58 69 87 36 52 2 93 20 65 73 86 29 75 37 40 45 99 20 25 29 32 33 72 76 45 79 72 16 83 51 49 65 90 15 23 22 83 29 24 82 29 34 59 92 46 58 65 51 36 9 25 41 71 1 50 28 6 64 32 11 67 56 0 93 53 59 98 63 40 97 18 13 96 77 51 84 76 68 55 36 9 16 55 64 24 85 55 11 44 31 45 71 57 74 10 53 
22 19 35 22 87 64 62 13 13 87 72 100 71 93 87 9 40 50 33 67 81 46 91 60 24 5 38 51 42 35 43 53 43 82 4 55 16 79 100 90 37 70 57 88 72 32 100 84 59 75 15 93 14 10 35 33 49 58 94 54 53 77 93 95 42 98 93 0 91 48 49 60 26 56 38 60 88 14 69 33 69 38 56 17 68 2 6 56 53 40 43 86 78 61 73 52 79 45 79 61 
93 36 34 56 82 56 56 6 35 59 33 38 81 5 18 39 43 77 7 33 78 2 69 13 40 45 69 83 45 69 50 22 12 80 6 42 84 66 61 93 22 8 72 56 96 97 24 63 82 100 36 35 55 43 18 83 83 33 13 39 96 46 30 61 78 75 53 91 0 7 30 65 20 66 76 21 60 10 33 71 41 7 73 100 76 29 30 22 56 4 14 60 9 21 36 16 18 36 2 14 
69 29 62 27 43 33 70 87 58 18 30 92 79 48 83 71 70 9 82 60 19 26 87 93 35 42 83 45 56 80 2 43 22 70 10 47 59 90 19 53 46 10 65 39 15 31 29 56 11 23 34 93 70 23 11 84 85 12 85 28 91 11 2 56 41 60 59 48 7 0 15 20 11 84 17 99 94 45 73 39 70 69 77 54 50 93 53 30 10 51 28 24 97 44 95 53 27 29 71 1 
64 57 72 63 63 51 51 66 4 68 92 72 93 46 42 70 3 100 41 86 69 37 7 95 1 62 72 75 62 52 6 79 71 83 84 7 62 52 79 3 11 66 26 2 70 90 34 13 85 32 67 13 56 37 67 9 75 60 70 39 61 2 48 9 99 79 98 49 30 15 0 52 88 31 27 60 94 60 84 84 5 86 53 30 4 95 22 21 94 5 35 41 50 49 2 3 38 62 21 5 
57 25 15 80 40 76 38 70 80 82 67 2 95 84 44 53 29 96 94 3 44 22 57 33 96 22 63 12 88 72 49 83 16 6 60 80 85 84 59 46 14 2 25 78 8 39 82 49 29 4 85 50 62 99 51 76 31 63 12 43 94 32 36 40 95 78 63 60 65 20 52 0 67 99 78 100 63 77 67 64 96 32 27 29 8 41 51 33 16 44 97 5 24 24 91 61 23 71 20 78 
14 2 94 18 54 80 91 65 96 19 54 25 71 25 6 14 55 81 96 25 74 75 91 100 56 100 22 88 97 13 52 23 25 43 12 43 23 8 64 30 65 68 6 85 35 36 92 15 51 42 68 36 3 58 21 65 10 42 20 23 30 1 13 28 49 29 40 26 20 11 88 67 0 61 24 42 68 45 46 53 62 44 10 49 30 30 2 100 12 82 24 67 87 98 34 82 48 33 32 2 
27 7 91 17 77 91 78 40 76 84 78 99 52 50 71 28 59 22 80 95 40 67 4 79 72 47 1 88 47 87 2 26 40 39 54 35 34 71 77 37 97 32 44 74 27 37 85 97 89 15 56 83 18 96 85 56 79 57 100 8 7 63 66 31 100 28 97 56 66 84 31 99 61 0 58 66 49 36 29 6 88 64 23 21 31 67 96 21 71 74 69 39 5 100 5 33 54 62 20 7 
45 55 19 41 92 71 22 80 88 93 57 30 5 17 1 3 85 39 76 14 69 51 56 53 18 12 63 58 40 48 40 55 72 68 20 92 4 39 23 70 20 93 45 68 87 22 11 53 31 3 46 29 13 48 61 24 64 22 25 49 24 36 56 27 82 10 18 38 76 17 27 78 24 58 0 77 76 83 47 20 82 77 46 36 28 5 11 100 34 75 72 2 5 54 59 36 37 96 87 96 
1 48 55 37 34 85 49 66 78 83 12 34 47 37 5 75 95 90 8 75 71 77 5 56 66 71 62 79 72 43 72 82 5 42 83 28 32 73 31 4 42 84 44 11 41 54 76 38 56 19 6 36 37 99 33 41 92 50 48 64 7 87 15 52 29 65 13 60 21 99 60 100 42 66 77 0 25 2 72 87 33 92 22 45 57 94 32 75 25 97 2 37 11 42 35 34 32 92 5 90 
20 4 95 90 65 21 97 19 75 47 71 90 11 14 46 36 31 72 67 89 77 63 90 24 82 76 87 26 97 32 16 74 90 75 22 6 74 87 70 51 58 61 42 85 50 51 69 18 51 95 66 81 77 44 60 35 89 86 29 100 74 88 40 62 36 77 96 88 60 94 94 63 68 49 76 25 0 3 73 3 18 52 70 35 19 63 23 17 46 70 13 29 78 30 39 69 35 15 36 8 
92 32 59 99 17 62 8 100 12 96 16 98 42 100 94 25 89 85 10 97 97 40 33 97 11 32 25 14 70 82 14 6 60 24 96 73 35 47 24 8 72 49 49 52 15 97 31 88 49 76 13 75 19 13 15 66 21 29 18 47 53 16 48 91 54 60 77 14 10 45 60 77 45 36 83 2 3 0 9 59 87 98 55 93 78 18 28 31 40 50 39 63 90 88 76 18 85 46 59 9 
23 46 95 72 97 2 48 20 49 83 5 37 14 9 38 60 21 61 25 2 31 90 52 8 70 11 48 10 46 60 18 82 4 20 76 47 37 85 99 13 7 3 61 66 28 52 80 3 59 29 57 23 38 24 73 63 98 95 89 18 62 63 27 38 3 66 51 69 33 73 84 67 46 29 47 72 73 9 0 67 25 20 22 26 70 64 59 99 68 63 45 22 58 21 16 19 22 39 89 71 
6 97 72 51 48 48 14 36 17 35 68 77 54 42 42 33 62 41 18 23 44 99 11 59 65 90 80 43 5 20 23 34 23 54 31 6 34 7 88 26 41 77 55 95 91 21 91 94 23 78 36 42 38 86 86 12 31 19 66 95 67 85 44 81 27 5 84 33 71 39 84 64 53 6 20 87 3 59 67 0 75 59 56 88 92 75 77 34 45 82 89 14 34 52 54 12 1 45 50 41 
49 78 21 72 5 53 70 70 37 41 44 56 50 72 37 73 37 20 73 75 1 45 96 96 49 34 9 43 94 10 20 42 79 53 59 37 88 77 69 4 69 13 42 57 94 36 44 68 62 96 32 4 65 84 58 38 29 31 94 82 34 93 71 50 58 24 76 69 41 70 5 96 62 88 82 33 18 87 25 75 0 14 11 82 64 81 49 5 42 17 21 9 19 58 62 65 37 65 51 13 
81 9 76 46 86 73 18 87 85 42 44 69 17 65 60 12 40 83 26 33 20 18 23 5 69 53 47 58 71 19 18 39 53 11 63 21 1 2 88 15 54 88 50 79 48 69 15 54 26 41 52 34 80 68 28 66 30 23 31 29 16 70 56 79 3 13 68 38 7 69 86 32 44 64 77 92 52 98 20 59 14 0 31 69 63 99 56 77 39 10 39 11 40 71 8 80 98 93 8 89 
26 75 24 4 6 74 76 48 35 76 32 62 99 48 76 69 10 47 64 25 23 18 78 94 95 17 29 51 48 81 94 62 1 85 77 62 31 53 62 94 93 82 60 12 55 66 55 33 70 41 94 68 43 60 3 26 11 92 8 49 29 96 25 22 66 40 55 56 73 77 53 27 10 23 46 22 70 55 22 56 11 31 0 5 46 15 15 97 75 1 1 45 17 54 88 77 73 61 41 49 
30 38 58 57 41 16 49 16 64 26 32 70 14 25 32 47 15 19 94 87 2 35 65 61 56 90 39 76 47 13 49 15 76 71 72 72 43 74 34 72 76 46 51 78 19 79 78 26 84 19 5 23 21 37 75 48 16 23 59 9 42 98 96 8 58 78 36 17 100 54 30 29 49 21 36 45 35 93 26 88 82 69 5 0 2 60 65 81 19 7 64 1 58 95 54 63 49 13 65 21 
98 18 34 42 80 26 65 36 61 2 49 96 22 53 82 77 58 99 56 58 69 38 80 75 49 59 16 82 63 57 33 100 86 45 22 37 83 38 88 4 100 100 20 25 44 57 93 17 6 83 78 94 47 97 53 31 78 13 86 96 15 20 29 56 34 93 9 68 76 50 4 8 30 31 28 57 19 78 70 92 64 63 46 2 0 5 35 5 64 83 7 9 29 25 43 85 47 74 99 31 
26 15 51 54 59 62 25 20 47 7 62 42 36 52 7 29 95 6 58 74 41 15 98 64 30 98 44 81 42 52 78 7 24 35 52 60 69 12 76 76 1 29 79 63 53 55 1 60 83 4 89 11 38 53 53 41 25 47 38 40 19 64 67 96 95 42 16 2 29 93 95 41 30 67 5 94 63 18 64 75 81 99 15 60 5 0 71 66 26 50 45 31 7 94 61 59 70 56 69 77 
23 22 35 98 78 38 77 37 9 57 72 85 67 51 33 6 25 5 56 22 68 85 56 25 20 97 89 26 52 87 87 13 51 47 20 12 52 32 38 30 35 91 80 91 81 73 48 89 23 66 5 96 71 95 66 89 6 10 20 95 36 62 29 60 58 81 55 6 30 53 22 51 2 96 11 32 23 28 59 77 49 56 15 65 35 71 0 54 48 87 80 91 78 50 93 53 15 90 30 70 
53 16 39 86 75 35 14 37 95 95 21 62 100 62 75 29 93 90 2 96 12 95 52 1 81 43 58 93 91 81 70 80 8 8 7 93 86 59 62 54 48 59 14 51 79 2 74 37 4 45 36 54 77 80 87 57 48 34 75 45 39 65 14 42 20 73 64 56 22 30 21 33 100 21 100 75 17 31 99 34 5 77 97 81 5 66 54 0 4 85 44 98 63 36 83 25 32 75 44 86 
11 30 99 48 91 89 48 89 13 15 98 58 93 27 57 38 79 28 16 11 24 75 62 22 99 96 43 90 55 95 10 51 4 53 94 10 90 3 1 22 70 16 28 20 72 98 86 6 73 4 72 78 89 91 84 74 73 83 89 11 32 38 54 78 20 44 24 53 56 10 94 16 12 71 34 25 46 40 68 45 42 39 75 19 64 26 48 4 0 77 65 63 50 43 41 30 81 16 81 12 
83 32 30 90 29 7 31 63 39 54 85 98 14 73 35 8 39 89 29 49 46 71 67 69 94 6 57 5 30 15 18 92 84 47 19 3 47 8 66 57 13 84 24 87 36 48 62 73 10 32 17 7 45 76 64 9 83 4 7 17 69 59 95 6 52 16 85 40 4 51 5 44 82 74 75 97 70 50 63 82 17 10 1 7 83 50 87 85 77 0 3 95 86 12 68 72 48 43 18 62 
62 22 80 7 52 84 43 82 15 6 90 69 83 41 13 35 82 37 49 79 27 51 95 82 29 76 71 36 14 42 60 4 70 72 1 49 51 100 41 30 45 90 73 53 1 53 73 98 6 49 21 80 86 87 35 41 41 70 64 65 54 13 18 13 19 73 55 43 14 28 35 97 24 69 72 2 13 39 45 89 21 39 1 64 7 45 80 44 65 3 0 78 83 60 100 63 17 100 24 53 
86 14 72 5 17 67 61 40 16 43 55 19 60 87 27 17 88 39 80 28 28 28 40 14 34 62 95 91 57 61 30 36 16 30 66 79 83 34 57 41 31 83 96 53 63 54 85 33 72 55 63 100 68 47 100 37 34 24 75 63 67 81 5 58 13 94 11 86 60 24 41 5 67 39 2 37 29 63 22 14 9 11 45 1 9 31 91 98 63 95 78 0 64 70 57 49 63 13 42 73 
30 39 91 32 15 3 2 78 75 70 72 81 9 89 18 36 13 25 17 67 5 42 43 60 11 26 63 53 86 50 59 63 2 97 90 64 7 75 47 47 95 3 99 68 67 56 48 9 14 1 20 14 85 78 77 56 3 48 9 79 76 24 84 76 3 1 44 78 9 97 50 24 87 5 5 11 78 90 58 34 19 40 17 58 29 7 78 63 50 86 83 64 0 11 82 87 23 36 73 57 
46 94 16 37 17 63 87 87 28 33 7 47 35 41 97 52 2 64 51 58 54 2 5 83 38 74 90 47 71 3 98 27 15 65 78 53 52 37 98 3 42 12 92 30 68 91 38 66 83 43 6 47 20 20 44 92 17 47 67 16 94 75 66 1 83 58 31 61 21 44 49 24 98 100 54 42 30 88 21 52 58 71 54 95 25 94 50 36 43 12 60 70 11 0 38 35 94 77 74 75 
61 60 67 67 8 24 23 6 63 91 4 5 38 12 44 94 13 100 91 49 76 49 64 82 83 72 12 6 77 56 59 72 37 48 3 71 94 7 15 66 75 47 27 82 88 94 20 11 27 54 33 28 16 51 94 42 63 16 28 76 93 100 32 97 27 31 45 73 36 95 2 91 34 5 59 35 39 76 16 54 62 8 88 54 43 61 93 83 41 68 100 57 82 38 0 34 87 74 54 38 
4 42 27 16 30 78 87 23 23 51 38 25 52 54 64 97 13 84 33 71 54 91 55 69 45 58 67 13 66 87 36 93 68 56 85 36 6 51 62 15 87 90 76 62 51 80 87 21 71 96 21 16 2 65 54 72 8 41 90 16 37 1 66 88 17 54 71 52 16 53 3 61 82 33 36 34 69 18 19 12 65 80 77 63 85 59 53 25 30 72 63 49 87 35 34 0 7 74 50 64 
47 66 26 67 16 36 98 78 32 88 31 19 15 19 13 64 2 17 6 53 23 79 62 69 88 19 47 78 1 56 35 95 19 22 46 2 75 35 2 54 54 62 76 23 83 81 12 95 96 37 87 85 74 8 52 10 37 47 2 79 18 33 75 2 13 91 57 79 18 27 38 23 48 54 37 32 35 85 22 1 37 98 73 49 47 70 15 32 81 48 17 63 23 94 87 7 0 76 80 92 
49 76 57 85 82 82 97 84 27 19 47 27 20 20 88 88 90 55 68 66 73 68 33 35 23 56 60 72 69 97 62 6 21 19 27 34 26 37 82 56 3 16 72 85 16 46 67 2 84 58 20 12 34 19 47 19 72 45 83 86 64 19 54 61 72 79 74 45 36 29 62 71 33 62 96 92 15 46 39 45 65 93 61 13 74 56 90 75 16 43 100 13 36 77 74 74 76 0 41 93 
29 81 53 98 57 56 92 52 69 74 30 43 44 63 24 57 82 36 63 71 96 55 87 9 64 77 14 8 8 61 35 10 55 62 51 13 16 90 18 55 73 71 68 70 92 75 27 54 97 90 66 75 34 10 87 73 99 31 75 87 82 92 82 61 73 63 10 79 2 71 21 20 32 20 87 5 36 59 89 50 51 8 41 65 99 69 30 44 81 18 24 42 73 74 54 50 80 41 0 91 
31 32 9 80 1 11 13 96 93 91 51 41 84 11 57 44 5 76 65 20 16 48 92 81 82 47 88 96 23 93 33 9 100 21 84 15 50 94 86 41 35 82 13 7 64 20 26 71 8 72 76 37 1 10 17 86 3 4 40 36 84 57 89 37 76 39 53 61 14 1 5 78 2 7 96 90 8 9 71 41 13 89 49 21 31 77 70 86 12 62 53 73 57 75 38 64 92 93 91 0 
