40
0 7 50 50 70 81 43 67 61 8 11 100 62 15 9 46 11 78 68 27 59 9 40 6 9 83 3 51 92 1 67 44 29 93 18 15 51 21 4 98 
7 0 15 14 49 2 54 99 44 3 85 55 12 42 76 62 87 52 16 7 14 12 68 97 50 29 94 96 57 100 34 88 47 70 27 20 41 98 71 44 
50 15 0 89 33 17 95 22 50 99 84 13 5 20 73 84 57 56 78 16 100 73 15 27 12 53 73 63 97 94 39 44 99 27 9 47 97 44 69 37 
50 14 89 0 32 26 68 59 69 16 94 86 7 12 24 8 77 52 29 10 84 56 21 74 96 10 38 36 28 65 80 57 15 73 58 36 1 57 39 12 
70 49 33 32 0 68 47 92 82 10 70 41 24 37 69 74 74 41 61 67 18 7 21 58 55 2 40 77 32 6 29 14 78 84 24 79 26 16 67 19 
81 2 17 26 68 0 4 66 20 30 61 20 97 50 90 62 8 10 56 90 15 39 25 74 30 33 79 91 96 25 99 18 99 81 24 98 79 50 40 38 
43 54 95 68 47 4 0 20 45 72 57 35 19 54 4 44 19 37 43 77 22 94 68 72 75 35 99 47 95 82 71 45 77 23 2 100 19 11 63 95 
67 99 22 59 92 66 20 0 94 80 83 90 12 92 85 96 81 8 44 11 3 100 88 72 62 43 8 40 1 47 65 20 25 42 19 39 75 97 93 4 
61 44 50 69 82 20 45 94 0 2 52 94 74 69 74 64 55 31 88 78 14 72 95 49 53 90 80 50 7 25 98 74 38 24 67 27 61 75 13 58 
8 3 99 16 10 30 72 80 2 0 73 81 77 85 72 88 49 80 8 3 69 53 70 51 67 41 89 77 85 57 95 90 86 63 24 15 39 65 34 50 
11 85 84 94 70 61 57 83 52 73 0 75 6 21 37 58 22 31 65 94 91 74 91 61 40 78 4 73 76 56 32 51 40 26 92 39 48 92 32 92 
100 55 13 86 41 20 35 90 94 81 75 0 71 20 100 52 71 69 55 96 67 35 45 43 55 78 16 11 40 68 100 78 39 6 84 67 54 91 39 70 
62 12 5 7 24 97 19 12 74 77 6 71 0 57 28 99 64 21 42 80 45 96 88 79 70 88 74 25 66 17 46 53 67 54 70 48 14 25 44 17 
15 42 20 12 37 50 54 92 69 85 21 20 57 0 88 23 65 80 74 87 44 91 34 39 83 61 82 25 77 25 78 51 89 45 45 30 85 45 21 72 
9 76 73 24 69 90 4 85 74 72 37 100 28 88 0 46 83 28 17 15 48 29 63 89 11 76 99 90 69 84 44 71 78 85 11 50 3 9 31 55 
46 62 84 8 74 62 44 96 64 88 58 52 99 23 46 0 1 38 76 79 15 58 62 74 54 2 94 56 60 63 92 22 20 24 65 30 83 54 13 98 
11 87 57 77 74 8 19 81 55 49 22 71 64 65 83 1 0 77 70 11 66 11 61 84 92 27 8 87 64 75 48 77 47 93 6 68 12 82 12 70 
78 52 56 52 41 10 37 8 31 80 31 69 21 80 28 38 77 0 20 34 1 1 79 89 75 70 50 99 10 63 42 23 3 59 69 75 44 13 95 48 
68 16 78 29 61 56 43 44 88 8 65 55 42 74 17 76 70 20 0 40 7 12 36 40 50 31 27 42 31 62 8 38 27 12 67 19 94 77 47 69 
27 7 16 10 67 90 77 11 78 3 94 96 80 87 15 79 11 34 40 0 48 21 87 68 66 99 8 58 18 11 13 99 53 11 40 12 97 76 70 14 
59 14 100 84 18 15 22 3 14 69 91 67 45 44 48 15 66 1 7 48 0 42 33 93 74 38 98 94 11 10 52 23 63 61 55 84 49 16 93 65 
9 12 73 56 7 39 94 100 72 53 74 35 96 91 29 58 11 1 12 21 42 0 89 18 72 49 95 89 74 55 35 85 51 93 32 39 78 84 26 83 
40 68 15 21 21 25 68 88 95 70 91 45 88 34 63 62 61 79 36 87 33 89 0 26 14 58 100 70 38 92 36 73 23 100 40 54 3 39 7 56 
6 97 27 74 58 74 72 72 49 51 61 43 79 39 89 74 84 89 40 68 93 18 26 0 57 42 38 43 96 11 29 89 53 71 56 92 32 30 93 85 
9 50 12 96 55 30 75 62 53 67 40 55 70 83 11 54 92 75 50 66 74 72 14 57 0 31 75 81 85 51 12 55 54 59 55 5 10 84 48 92 
83 29 53 10 2 33 35 43 90 41 78 78 88 61 76 2 27 70 31 99 38 49 58 42 31 0 34 46 61 14 38 77 13 14 8 98 41 87 40 43 
3 94 73 38 40 79 99 8 80 89 4 16 74 82 99 94 8 50 27 8 98 95 100 38 75 34 0 14 9 41 8 47 3 52 55 52 57 7 50 38 
51 96 63 36 77 91 47 40 50 77 73 11 25 25 90 56 87 99 42 58 94 89 70 43 81 46 14 0 33 78 2 36 45 73 19 15 16 33 16 34 
92 57 97 28 32 96 95 1 7 85 76 40 66 77 69 60 64 10 31 18 11 74 38 96 85 61 9 33 0 9 38 31 38 72 87 66 65 67 78 53 
1 100 94 65 6 25 82 47 25 57 56 68 17 25 84 63 75 63 62 11 10 55 92 11 51 14 41 78 9 0 5 88 96 77 54 19 45 54 85 81 
67 34 39 80 29 99 71 65 98 95 32 100 46 78 44 92 48 42 8 13 52 35 36 29 12 38 8 2 38 5 0 54 46 85 4 60 62 83 1 69 
44 88 44 57 14 18 45 20 74 90 51 78 53 51 71 22 77 23 38 99 23 85 73 89 55 77 47 36 31 88 54 0 51 55 79 3 56 23 76 10 
29 47 99 15 78 99 77 25 38 86 40 39 67 89 78 20 47 3 27 53 63 51 23 53 54 13 3 45 38 96 46 51 0 43 48 78 80 43 92 32 
93 70 27 73 84 81 23 42 24 63 26 6 54 45 85 24 93 59 12 11 61 93 100 71 59 14 52 73 72 77 85 55 43 0 84 67 19 26 77 83 
18 27 9 58 24 24 2 19 67 24 92 84 70 45 11 65 6 69 67 40 55 32 40 56 55 8 55 19 87 54 4 79 48 84 0 60 49 40 62 99 
15 20 47 36 79 98 100 39 27 15 39 67 48 30 50 30 68 75 19 12 84 39 54 92 5 98 52 15 66 19 60 3 78 67 60 0 87 14 82 56 
51 41 97 1 26 79 19 75 61 39 48 54 14 85 3 83 12 44 94 97 49 78 3 32 10 41 57 16 65 45 62 56 80 19 49 87 0 33 33 40 
21 98 44 57 16 50 11 97 75 65 92 91 25 45 9 54 82 13 77 76 16 84 39 30 84 87 7 33 67 54 83 23 43 26 40 14 33 0 29 41 
4 71 69 39 67 40 63 93 13 34 32 39 44 21 31 13 12 95 47 70 93 26 7 93 48 40 50 16 78 85 1 76 92 77 62 82 33 29 0 64 
98 44 37 12 19 38 95 4 58 50 92 70 17 72 55 98 70 48 69 14 65 83 56 85 92 43 38 34 53 81 69 10 32 83 99 56 40 41 64 0 
