50
0 36 3 44 50 49 81 53 69 23 62 87 39 29 18 71 6 22 17 26 4 62 57 83 57 39 59 17 12 69 20 44 46 93 23 30 95 65 95 10 37 70 91 18 4 79 26 50 13 6 
36 0 67 32 23 70 16 18 5 35 78 2 42 20 97 29 24 95 53 58 5 28 88 36 93 100 94 45 28 53 31 51 68 62 84 3 100 83 94 6 47 37 22 71 22 57 71 66 57 72 
3 67 0 33 13 46 98 14 64 42 91 96 81 53 41 78 25 23 83 29 5 97 12 75 6 19 15 96 11 98 48 79 12 82 90 51 85 6 24 96 48 79 44 67 38 69 53 65 86 37 
44 32 33 0 84 58 40 94 92 10 66 76 23 14 31 8 60 3 4 12 98 89 17 55 27 4 87 26 22 82 10 12 89 31 73 74 32 24 18 65 17 52 15 99 15 13 76 75 31 1 
50 23 13 84 0 24 40 28 55 97 64 88 15 6 96 54 29 84 36 4 48 61 34 53 56 28 64 30 7 100 98 46 64 74 94 42 81 29 98 79 80 74 86 10 30 41 45 57 37 46 
49 70 46 58 24 0 92 4 89 75 92 96 67 56 91 23 28 69 73 31 37 94 83 67 68 1 33 27 90 9 19 74 80 17 93 87 51 43 19 3 57 64 18 92 2 78 24 26 82 78 
81 16 98 40 40 92 0 89 87 21 29 88 28 90 9 49 72 54 4 66 20 51 54 52 25 8 52 43 35 4 80 93 50 10 49 88 76 97 52 73 3 12 8 95 26 5 66 44 17 28 
53 18 14 94 28 4 89 0 33 42 92 43 20 99 35 5 16 42 69 94 25 62 80 36 85 89 59 80 69 89 56 78 100 56 37 74 14 77 73 6 65 3 18 63 37 32 48 34 80 90 
69 5 64 92 55 89 87 33 0 97 41 25 80 95 63 17 78 95 73 51 56 33 89 2 33 72 71 48 49 12 56 48 76 95 21 41 31 93 28 68 81 4 41 44 57 61 31 43 58 28 
23 35 42 10 97 75 21 42 97 0 30 11 85 95 40 89 54 52 73 47 81 19 55 14 48 73 63 72 72 23 46 17 91 34 95 48 49 40 82 75 64 92 31 25 81 37 37 56 31 87 
62 78 91 66 64 92 29 92 41 30 0 56 22 76 41 75 61 10 1 62 19 8 24 45 59 16 64 67 89 97 11 22 74 9 53 32 79 14 41 41 47 89 23 40 88 47 56 89 10 30 
87 2 96 76 88 96 88 43 25 11 56 0 76 64 60 25 24 88 42 1 15 9 97 79 97 12 27 27 61 79 10 79 42 51 55 43 38 56 25 94 80 6 76 83 94 50 13 15 97 6 
39 42 81 23 15 67 28 20 80 85 22 76 0 71 70 31 7 37 98 90 49 51 90 59 81 28 34 73 6 63 88 89 63 97 72 32 62 83 48 33 17 44 51 46 7 17 38 56 65 30 
29 20 53 14 6 56 90 99 95 95 76 64 71 0 1 58 34 60 91 83 15 81 19 75 71 16 100 98 61 76 28 37 99 74 64 5 50 74 11 21 88 81 98 71 72 33 89 92 2 19 
18 97 41 31 96 91 9 35 63 40 41 60 70 1 0 59 91 56 40 81 59 23 3 34 28 74 55 36 80 71 96 63 45 90 23 36 12 98 95 50 80 98 17 99 62 87 91 40 95 61 
71 29 78 8 54 23 49 5 17 89 75 25 31 58 59 0 46 10 50 32 29 9 48 35 61 21 91 54 49 71 99 18 4 29 93 54 59 29 44 79 41 39 51 64 34 71 10 3 6 29 
6 24 25 60 29 28 72 16 78 54 61 24 7 34 91 46 0 21 50 64 6 51 41 7 52 2 92 96 72 68 21 98 46 93 28 7 91 65 74 3 5 34 53 33 64 67 38 30 33 38 
22 95 23 3 84 69 54 42 95 52 10 88 37 60 56 10 21 0 98 77 66 30 21 61 63 90 81 37 88 59 80 32 78 31 58 94 69 18 56 34 10 91 37 77 77 73 11 74 55 76 
17 53 83 4 36 73 4 69 73 73 1 42 98 91 40 50 50 98 0 54 78 38 78 15 84 22 25 23 94 92 62 10 72 86 29 76 35 14 50 48 95 6 27 98 64 69 36 15 51 78 
26 58 29 12 4 31 66 94 51 47 62 1 90 83 81 32 64 77 54 0 8 92 16 11 62 81 39 71 93 97 95 63 57 6 52 5 54 53 52 20 78 12 50 57 5 85 68 82 50 35 
4 5 5 98 48 37 20 25 56 81 19 15 49 15 59 29 6 66 78 8 0 95 57 18 52 51 29 44 5 12 14 86 52 16 55 81 65 31 66 72 71 43 28 89 94 40 8 54 72 58 
62 28 97 89 61 94 51 62 33 19 8 9 51 81 23 9 51 30 38 92 95 0 95 72 18 48 46 85 13 84 50 25 21 22 67 98 64 76 84 71 6 15 68 33 20 14 32 9 99 70 
57 88 12 17 34 83 54 80 89 55 24 97 90 19 3 48 41 21 78 16 57 95 0 51 3 96 24 24 35 36 79 62 32 18 92 90 45 36 82 59 93 18 36 4 75 71 66 51 22 88 
83 36 75 55 53 67 52 36 2 14 45 79 59 75 34 35 7 61 15 11 18 72 51 0 86 68 25 36 43 50 57 45 34 82 98 22 15 92 95 42 7 33 59 1 29 59 71 41 8 82 
57 93 6 27 56 68 25 85 33 48 59 97 81 71 28 61 52 63 84 62 52 18 3 86 0 24 79 16 89 54 12 89 26 44 36 49 96 4 48 21 66 46 44 38 10 73 59 70 76 29 
39 100 19 4 28 1 8 89 72 73 16 12 28 16 74 21 2 90 22 81 51 48 96 68 24 0 39 15 19 3 100 68 65 98 90 33 1 4 86 60 53 4 21 23 60 98 25 10 92 27 
59 94 15 87 64 33 52 59 71 63 64 27 34 100 55 91 92 81 25 39 29 46 24 25 79 39 0 39 50 25 61 27 33 33 92 9 50 52 89 98 89 76 62 36 64 32 43 71 57 21 
17 45 96 26 30 27 43 80 48 72 67 27 73 98 36 54 96 37 23 71 44 85 24 36 16 15 39 0 43 25 58 92 28 70 32 98 87 88 42 75 90 1 43 61 32 67 58 23 79 49 
12 28 11 22 7 90 35 69 49 72 89 61 6 61 80 49 72 88 94 93 5 13 35 43 89 19 50 43 0 28 91 42 2 87 3 21 66 56 30 5 68 69 70 83 62 79 87 70 91 78 
69 53 98 82 100 9 4 89 12 23 97 79 63 76 71 71 68 59 92 97 12 84 36 50 54 3 25 25 28 0 14 28 32 29 97 60 20 25 22 64 88 45 46 33 77 15 86 16 98 72 
20 31 48 10 98 19 80 56 56 46 11 10 88 28 96 99 21 80 62 95 14 50 79 57 12 100 61 58 91 14 0 49 46 90 92 64 18 58 80 71 73 33 60 66 42 97 41 87 87 78 
44 51 79 12 46 74 93 78 48 17 22 79 89 37 63 18 98 32 10 63 86 25 62 45 89 68 27 92 42 28 49 0 13 73 39 24 32 83 23 53 6 27 41 64 86 81 79 74 72 21 
46 68 12 89 64 80 50 100 76 91 74 42 63 99 45 4 46 78 72 57 52 21 32 34 26 65 33 28 2 32 46 13 0 37 49 17 4 98 36 42 71 68 13 82 18 69 8 5 99 74 
93 62 82 31 74 17 10 56 95 34 9 51 97 74 90 29 93 31 86 6 16 22 18 82 44 98 33 70 87 29 90 73 37 0 10 91 33 88 39 5 5 50 39 60 15 80 43 28 48 46 
23 84 90 73 94 93 49 37 21 95 53 55 72 64 23 93 28 58 29 52 55 67 92 98 36 90 92 32 3 97 92 39 49 10 0 68 13 100 55 24 50 97 33 50 40 41 20 98 85 3 
30 3 51 74 42 87 88 74 41 48 32 43 32 5 36 54 7 94 76 5 81 98 90 22 49 33 9 98 21 60 64 24 17 91 68 0 49 82 64 3 3 55 42 90 91 12 63 82 75 29 
95 100 85 32 81 51 76 14 31 49 79 38 62 50 12 59 91 69 35 54 65 64 45 15 96 1 50 87 66 20 18 32 4 33 13 49 0 71 1 16 50 51 57 81 14 65 57 58 91 68 
65 83 6 24 29 43 97 77 93 40 14 56 83 74 98 29 65 18 14 53 31 76 36 92 4 4 52 88 56 25 58 83 98 88 100 82 71 0 59 40 40 18 11 58 44 92 5 57 27 55 
95 94 24 18 98 19 52 73 28 82 41 25 48 11 95 44 74 56 50 52 66 84 82 95 48 86 89 42 30 22 80 23 36 39 55 64 1 59 0 82 7 13 90 96 77 87 26 14 32 25 
10 6 96 65 79 3 73 6 68 75 41 94 33 21 50 79 3 34 48 20 72 71 59 42 21 60 98 75 5 64 71 53 42 5 24 3 16 40 82 0 30 64 84 2 96 67 28 25 6 45 
37 47 48 17 80 57 3 65 81 64 47 80 17 88 80 41 5 10 95 78 71 6 93 7 66 53 89 90 68 88 73 6 71 5 50 3 50 40 7 30 0 54 69 71 12 77 100 93 36 52 
70 37 79 52 74 64 12 3 4 92 89 6 44 81 98 39 34 91 6 12 43 15 18 33 46 4 76 1 69 45 33 27 68 50 97 55 51 18 13 64 54 0 97 58 15 39 78 59 19 52 
91 22 44 15 86 18 8 18 41 31 23 76 51 98 17 51 53 37 27 50 28 68 36 59 44 21 62 43 70 46 60 41 13 39 33 42 57 11 90 84 69 97 0 13 96 18 10 70 7 59 
18 71 67 99 10 92 95 63 44 25 40 83 46 71 99 64 33 77 98 57 89 33 4 1 38 23 36 61 83 33 66 64 82 60 50 90 81 58 96 2 71 58 13 0 39 98 58 91 88 87 
4 22 38 15 30 2 26 37 57 81 88 94 7 72 62 34 64 77 64 5 94 20 75 29 10 60 64 32 62 77 42 86 18 15 40 91 14 44 77 96 12 15 96 39 0 66 44 4 14 94 
79 57 69 13 41 78 5 32 61 37 47 50 17 33 87 71 67 73 69 85 40 14 71 59 73 98 32 67 79 15 97 81 69 80 41 12 65 92 87 67 77 39 18 98 66 0 74 64 26 47 
26 71 53 76 45 24 66 48 31 37 56 13 38 89 91 10 38 11 36 68 8 32 66 71 59 25 43 58 87 86 41 79 8 43 20 63 57 5 26 28 100 78 10 58 44 74 0 84 61 61 
50 66 65 75 57 26 44 34 43 56 89 15 56 92 40 3 30 74 15 82 54 9 51 41 70 10 71 23 70 16 87 74 5 28 98 82 58 57 14 25 93 59 70 91 4 64 84 0 14 32 
13 57 86 31 37 82 17 80 58 31 10 97 65 2 95 6 33 55 51 50 72 99 22 8 76 92 57 79 91 98 87 72 99 48 85 75 91 27 32 6 36 19 7 88 14 26 61 14 0 45 
6 72 37 1 46 78 28 90 28 87 30 6 30 19 61 29 38 76 78 35 58 70 88 82 29 27 21 49 78 72 78 21 74 46 3 29 68 55 25 45 52 52 59 87 94 47 61 32 45 0 
